1
6051
12110
18168
24226
30286
36346
42406
48457
54515
60557
66617
72677
78727
84787
90846
96905
102963
109014
115067
120055
126115
132175
138218
144268
150305
156363
162422
168479
174530
179998
186054
192114
197750
203700
209754
215795
221853
227875
233932
239992
246051
252076
258131
264187
270138
276121
282172
288216
294260
300320
306196
312247
318138
324081
330138
336094
340864
346742
352723
358072
364107
370115
376173
382229
387902
393917
399974
405930
411959
418009
424059
429312
435316
441363
447411
453467
459000
465016
470743
476651
482643
488696
494137
500111
502442
507687
513609
519035
524034
530062
535990
541829
546901
552794
558785
564227
570256
576289
581925